                                     mean               stddev                  min                  max               median
ignore
mean                             0.916202                  0.0             0.916202             0.916202             0.916202
variance                       140.388367                  0.0           140.388367           140.388367           140.388367
median                           0.000000                  0.0             0.000000             0.000000             0.000000
min                           -156.520264                  0.0          -156.520264          -156.520264          -156.520264
max                            138.897583                  0.0           138.897583           138.897583           138.897583
stddev                          11.848559                  0.0            11.848559            11.848559            11.848559
RMS                             11.883925                  0.0            11.883925            11.883925            11.883925
L2                           14554.269531                  0.0         14554.269531         14554.269531         14554.269531
