                                     mean               stddev                  min                  max               median
ignore
mean                            -0.002206             0.008738            -0.019368             0.009122            -0.000680
variance                         0.108006             0.081985             0.019793             0.277114             0.082214
median                           0.000000             0.000000             0.000000             0.000000             0.000000
min                             -8.487964             3.909612           -15.984863            -4.421875            -7.240356
max                              9.704700             3.299297             5.451172            14.603516            10.311157
stddev                           0.307853             0.121254             0.140687             0.526416             0.285117
RMS                              0.307951             0.121316             0.140823             0.526772             0.285223
L2                             377.150204           148.575734           172.469940           645.144836           349.320404
